5136000.00 56410400.00  0.00  0.00  0.00  0.00  0.00  0.00 23711200.00 118042400.00  0.00  0.00  0.00 30216800.00  0.00  0.00  0.00 13011200.00  0.00  0.00 
56410400.00 6505600.00  0.00  0.00  0.00  0.00  0.00  0.00 15493600.00  0.00  0.00 3424000.00  0.00  0.00  0.00  0.00  0.00  0.00  0.00  0.00 
0.00  0.00 4451200.00  0.00  0.00  0.00  0.00  0.00 12583200.00  0.00  0.00  0.00  0.00  0.00 48620800.00  0.00  0.00 8132000.00  0.00  0.00 
0.00  0.00  0.00 4108800.00  0.00  0.00 57437600.00  0.00  0.00  0.00  0.00  0.00  0.00  0.00  0.00  0.00  0.00  0.00  0.00  0.00 
0.00  0.00  0.00  0.00 6077600.00 40060800.00  0.00  0.00  0.00  0.00  0.00  0.00  0.00  0.00 88510400.00  0.00  0.00  0.00  0.00  0.00 
0.00  0.00  0.00  0.00 40060800.00 2311200.00  0.00  0.00 11470400.00  0.00  0.00  0.00  0.00  0.00  0.00 7104800.00  0.00  0.00  0.00 2653600.00 
0.00  0.00  0.00 57437600.00  0.00  0.00 6420000.00 185923200.00  0.00  0.00 197393600.00  0.00  0.00  0.00  0.00  0.00  0.00  0.00  0.00  0.00 
0.00  0.00  0.00  0.00  0.00  0.00 185923200.00 7019200.00  0.00 128228800.00  0.00  0.00  0.00  0.00  0.00  0.00  0.00 39290400.00  0.00  0.00 
23711200.00 15493600.00 12583200.00  0.00  0.00 11470400.00  0.00  0.00 4365600.00  0.00  0.00  0.00  0.00  0.00 13867200.00  0.00 3424000.00  0.00 5478400.00  0.00 
118042400.00  0.00  0.00  0.00  0.00  0.00  0.00 128228800.00  0.00 856000.00  0.00  0.00  0.00  0.00  0.00  0.00  0.00  0.00  0.00  0.00 
0.00  0.00  0.00  0.00  0.00  0.00 197393600.00  0.00  0.00  0.00 1284000.00  0.00 198763200.00  0.00  0.00  0.00  0.00  0.00 22855200.00  0.00 
0.00 3424000.00  0.00  0.00  0.00  0.00  0.00  0.00  0.00  0.00  0.00 1883200.00  0.00  0.00 34753600.00  0.00  0.00  0.00  0.00  0.00 
0.00  0.00  0.00  0.00  0.00  0.00  0.00  0.00  0.00  0.00 198763200.00  0.00 7704000.00 14038400.00 158873600.00  0.00 52558400.00  0.00  0.00 46823200.00 
30216800.00  0.00  0.00  0.00  0.00  0.00  0.00  0.00  0.00  0.00  0.00  0.00 14038400.00 4451200.00 16435200.00  0.00  0.00  0.00 2739200.00  0.00 
0.00  0.00 48620800.00  0.00 88510400.00  0.00  0.00  0.00 13867200.00  0.00  0.00 34753600.00 158873600.00 16435200.00 3167200.00  0.00  0.00  0.00  0.00  0.00 
0.00  0.00  0.00  0.00  0.00 7104800.00  0.00  0.00  0.00  0.00  0.00  0.00  0.00  0.00  0.00 513600.00 11641600.00  0.00 5136000.00 1198400.00 
0.00  0.00  0.00  0.00  0.00  0.00  0.00  0.00 3424000.00  0.00  0.00  0.00 52558400.00  0.00  0.00 11641600.00 2739200.00  0.00  0.00  0.00 
13011200.00  0.00 8132000.00  0.00  0.00  0.00  0.00 39290400.00  0.00  0.00  0.00  0.00  0.00  0.00  0.00  0.00  0.00 4451200.00 2739200.00  0.00 
0.00  0.00  0.00  0.00  0.00  0.00  0.00  0.00 5478400.00  0.00 22855200.00  0.00  0.00 2739200.00  0.00 5136000.00  0.00 2739200.00 1797600.00  0.00 
0.00  0.00  0.00  0.00  0.00 2653600.00  0.00  0.00  0.00  0.00  0.00  0.00 46823200.00  0.00  0.00 1198400.00  0.00  0.00  0.00 3081600.00 
