5152000.00 56426400.00  0.00  0.00  0.00  0.00  0.00  0.00 23727200.00 118058400.00  0.00  0.00  0.00 30232800.00  0.00  0.00  0.00 13027200.00  0.00  0.00 
56426400.00 6521600.00  0.00  0.00  0.00  0.00  0.00  0.00 15509600.00  0.00  0.00 3440000.00  0.00  0.00  0.00  0.00  0.00  0.00  0.00  0.00 
0.00  0.00 4467200.00  0.00  0.00  0.00  0.00  0.00 12599200.00  0.00  0.00  0.00  0.00  0.00 48636800.00  0.00  0.00 8148000.00  0.00  0.00 
0.00  0.00  0.00 4124800.00  0.00  0.00 57453600.00  0.00  0.00  0.00  0.00  0.00  0.00  0.00  0.00  0.00  0.00  0.00  0.00  0.00 
0.00  0.00  0.00  0.00 6093600.00 40076800.00  0.00  0.00  0.00  0.00  0.00  0.00  0.00  0.00 88526400.00  0.00  0.00  0.00  0.00  0.00 
0.00  0.00  0.00  0.00 40076800.00 2327200.00  0.00  0.00 11486400.00  0.00  0.00  0.00  0.00  0.00  0.00 7120800.00  0.00  0.00  0.00 2669600.00 
0.00  0.00  0.00 57453600.00  0.00  0.00 6436000.00 185939200.00  0.00  0.00 197409600.00  0.00  0.00  0.00  0.00  0.00  0.00  0.00  0.00  0.00 
0.00  0.00  0.00  0.00  0.00  0.00 185939200.00 7035200.00  0.00 128244800.00  0.00  0.00  0.00  0.00  0.00  0.00  0.00 39306400.00  0.00  0.00 
23727200.00 15509600.00 12599200.00  0.00  0.00 11486400.00  0.00  0.00 4381600.00  0.00  0.00  0.00  0.00  0.00 13883200.00  0.00 3440000.00  0.00 5494400.00  0.00 
118058400.00  0.00  0.00  0.00  0.00  0.00  0.00 128244800.00  0.00 872000.00  0.00  0.00  0.00  0.00  0.00  0.00  0.00  0.00  0.00  0.00 
0.00  0.00  0.00  0.00  0.00  0.00 197409600.00  0.00  0.00  0.00 1300000.00  0.00 198779200.00  0.00  0.00  0.00  0.00  0.00 22871200.00  0.00 
0.00 3440000.00  0.00  0.00  0.00  0.00  0.00  0.00  0.00  0.00  0.00 1899200.00  0.00  0.00 34769600.00  0.00  0.00  0.00  0.00  0.00 
0.00  0.00  0.00  0.00  0.00  0.00  0.00  0.00  0.00  0.00 198779200.00  0.00 7720000.00 14054400.00 158889600.00  0.00 52574400.00  0.00  0.00 46839200.00 
30232800.00  0.00  0.00  0.00  0.00  0.00  0.00  0.00  0.00  0.00  0.00  0.00 14054400.00 4467200.00 16451200.00  0.00  0.00  0.00 2755200.00  0.00 
0.00  0.00 48636800.00  0.00 88526400.00  0.00  0.00  0.00 13883200.00  0.00  0.00 34769600.00 158889600.00 16451200.00 3183200.00  0.00  0.00  0.00  0.00  0.00 
0.00  0.00  0.00  0.00  0.00 7120800.00  0.00  0.00  0.00  0.00  0.00  0.00  0.00  0.00  0.00 529600.00 11657600.00  0.00 5152000.00 1214400.00 
0.00  0.00  0.00  0.00  0.00  0.00  0.00  0.00 3440000.00  0.00  0.00  0.00 52574400.00  0.00  0.00 11657600.00 2755200.00  0.00  0.00  0.00 
13027200.00  0.00 8148000.00  0.00  0.00  0.00  0.00 39306400.00  0.00  0.00  0.00  0.00  0.00  0.00  0.00  0.00  0.00 4467200.00 2755200.00  0.00 
0.00  0.00  0.00  0.00  0.00  0.00  0.00  0.00 5494400.00  0.00 22871200.00  0.00  0.00 2755200.00  0.00 5152000.00  0.00 2755200.00 1813600.00  0.00 
0.00  0.00  0.00  0.00  0.00 2669600.00  0.00  0.00  0.00  0.00  0.00  0.00 46839200.00  0.00  0.00 1214400.00  0.00  0.00  0.00 3097600.00 