1  2 10 10 10 10 10 10  9 10 10 10 10 14 10 10 10 18 10 10 
1  2  9  1  1  9  1  1  9  1  1 12  1  1  1  1  1  1  9  1 
15  9  3 15 15 15 15 15  9 15 15 15 15 15 15 15 15 18 15 15 
7  7  7  4  7  7  7  7  7  7  7  7  7  7  7  7  7  7  7  7 
15 15 15 15  5  6 15 15  6 15 15 15 15 15 15  6 15 15  6 15 
5  9  5  5  5  6  5  5  9  5  5  5  5  5  5 16  5  5 16 20 
8  8 11  4 11 11  7  8  8  8 11 11 11  8 11 11 11  8 11 11 
10 10  7  7  7  7  7  8 10 10  7  7  7 10  7  7  7 18  7  7 
1  2  3  1  6  6  1  1  9  1  1 15 15  1 15  6 17  3 19 15 
1  1  8  8  8  8  8  8  1 10  8  8  8  1  8  8  8  8  8  8 
7  7 13  7 13 13  7  7  7  7 11 13 13 13 13 13 13  7 19 13 
15  2 15 15 15 15 15 15 15 15 15 12 15 15 15 15 15 15 15 15 
11 11 15 11 15 15 11 11 15 11 11 15 13 14 15 17 17 11 11 20 
1  1 15  1 15 15  1  1  1  1 13 15 13 14 15 13 13  1 19 13 
13 13  3 13  5  5 13 13  9 13 13 12 13 14 15 13 13 13 13 13 
17 17 17 17  6  6 17 17  6 17 17 17 17 17 17 16 17 17 19 20 
13 13 13 13 13 13 13 13  9 13 13 13 13 13 13 16 17 13 13 13 
1  1  3  8  8  8  8  8  3  8  8  8  8  1  8  8  8 18 19  8 
11  9 11 11 16 16 11 11  9 11 11 11 11 14 11 16 11 18 19 11 
13 13 13 13 13  6 13 13 13 13 13 13 13 13 13 16 13 13 13 20 
